155650
155660
131090
335890
20
122900
32790
311320
106520
65560
131100
49180
286750
32800
65570
90150
204840
40
50
32820
8250
41020
60
32830
16450
8260
70
80
32850
196700
32860
311390
376930
8290
100
131180
122990
65650
262260
120
114810
237690
278650
65660
123010
368770
140
393360
65680
24720
131220
376980
150
114840
65690
98460
8350
123040
24740
254120
32940
319660
65710
180400
8370
180
237750
270520
336060
32960
57540
16580
377030
16590
210
32980
16600
139480
131290
164060
286940
220
352480
24800
16610
8420
41190
230
65770
24810
90350
240
90360
250
237820
155900
24830
90370
24840
229640
270
24850
8470
49430
33050
16670
82210
90410
131370
205100
300
8490
147760
24880
8500
237880
24890
49470
131390
320
90430
270660
24900
16710
49480
131400
33100
24910
57680
90460
82270
98660
16740
90470
377190
33130
24940
49520
8560
370
24950
147830
418170
377220
336260
390
33160
311690
49550
400
33170
16790
139670
8600
33180
65950
16800
180640
418210
25000
303530
213420
430
33200
440
352700
328130
123330
156100
33230
377300
115160
33240
49630
41440
480
33250
490
115180
16880
377330
336370
41460
500
33270
213500
8700
320000
352770
520
238090
33290
123410
197140
270870
16920
57880
8730
123420
540
33310
41510
238120
33320
41520
352820
426550
49720
377400
33340
8770
590
66130
90710
17000
377450
49770
115310
402030
90740
377460
41590
238200
8830
640
377480
49800
650
352910
221840
17040
660
205470
670
49830
8870
680
148140
352940
426670
131760
123570
287410
41650
148150
262840
336570
328380
205500
74430
115390
700
82640
720
139990
369370
33500
90850
8930
82660
25320
115440
344820
760
115450
33530
58110
33540
66310
8970
33560
115480
148250
221980
17180
49950
377630
353060
140070
49960
810
123690
115500
353070
82740
123700
66360
115530
850
222040
860
25440
230240
17250
123750
41830
33640
74600
66410
263020
58220
9070
82800
880
115570
74610
189300
99190
890
66430
222080
131970
263050
910
189330
99220
115610
238490
222110
246690
82850
402340
353190
50090
361390
353200
9140
41910
246710
950
25530
50110
9150
41920
246720
123840
25540
50120
9160
41930
970
25550
222160
91090
123860
230360
25560
17370
9180
990
304100
9190
82920
1000
41960
17390
91120
9200
123890
33780
99320
1020
33790
66570
42000
1040
25620
9240
66590
58400
1060
33830
1070
279600
58420
9270
42040
1080
66620
99390
58430
107590
17480
173130
9290
107600
99410
58450
9300
181340
9310
1120
361570
58470
99430
17510
9320
1130
66670
99440
1140
140410
42110
33920
214150
361610
66700
17550
25750
58530
214180
25770
246960
1200
1210
99520
9410
361670
271560
91340
9420
1230
353490
222420
25820
9440
1250
34020
66790
140520
9450
1260
17650
58610
255220
214260
1270
9460
115960
189690
214270
9470
25860
58630
17670
1290
25870
25880
58650
312610
25890
214310
25900
148780
91440
9520
214320
353590
214330
1340
9540
34120
1360
66900
25950
66910
214370
1380
58730
50540
9580
83310
1390
263540
214390
75130
25980
140670
42370
17800
1420
17810
9620
214420
1430
66970
214430
1440
189860
66980
99750
370090
1450
34220
75180
263600
214450
42420
1460
34230
26040
67000
91580
1470
198080
148930
67010
58820
91590
419270
181710
255440
9680
83420
329180
1500
17890
58850
1510
58860
17900
1520
83450
1530
34300
9730
42500
1540
34310
67080
263690
42510
83470
1550
353810
263700
386580
17940
42520
1560
189980
1570
26150
263720
17960
337450
9770
83500
9780
91700
140860
206400
230980
271940
263750
50760
288330
222800
18000
214610
9810
124500
1620
67160
222810
58970
263770
83550
1630
67170
9830
42600
271980
140910
263800
263810
124560
1680
214680
91810
42660
50860
9900
42670
263860
83640
1720
100030
83650
108230
141000
18120
50890
304840
83660
1740
42700
67280
59090
1750
67290
141020
59100
206560
1770
239340
321260
272110
67310
59120
263920
9970
247540
1780
100090
1790
222980
1800
50960
1810
141080
100120
1820
34590
108320
100130
198440
280360
206640
1840
10040
206650
75580
67390
91970
10050
59210
18250
10060
83790
362320
272210
18260
214870
91990
1880
108380
247660
288620
18290
173940
10100
100220
18310
59270
92040
10120
10130
1940
354200
100250
10140
272290
92070
34730
10170
42940
305090
108490
215000
51160
83930
92130
378850
2020
2030
67570
34810
239610
10240
337930
321550
34830
223250
2070
92190
18470
10280
92200
84010
67630
190510
215090
2100
215100
92220
272450
18500
92230
223310
43090
182360
43100
2140
403550
2150
2170
34940
108670
182400
297090
34950
395400
92300
43150
84110
67730
256150
2200
215200
51360
2210
10400
272550
51370
2220
51380
338100
2230
10420
35000
67770
190650
18620
51390
43200
2240
75970
166090
84180
288980
43220
10470
387310
100590
18670
2290
289010
67830
18680
43260
264450
248070
2310
35080
26890
18700
2320
239890
92440
125210
321820
26910
51490
51500
338220
92460
2350
76080
100660
289080
2360
108860
67900
26940
215360
43340
2380
35150
67920
26960
215380
10580
2390
100700
43360
10600
43370
2410
248170
2420
10620
35200
10640
51600
84370
2450
67990
2460
403870
27040
313760
182690
10660
27050
51630
35250
100790
92600
215480
149950
18880
10690
289220
322000
68050
264660
35290
149980
100840
109070
10770
109080
10780
2600
215600
92730
2620
19010
51780
10820
43590
2630
166480
43610
35420
297570
158310
92780
330350
133750
256630
2680
43650
2690
35460
322180
101000
2700
68240
264850
2710
2720
273060
84650
68270
35510
51900
133820
412350
43710
84670
68290
264900
92870
51910
10950
2760
84680
232140
10960
84690
2780
158430
27360
19170
2790
68330
19180
215790
2800
363250
60150
11000
84730
2810
363260
2820
322310
19210
51980
35600
363280
314130
27410
101140
2840
35610
11040
174880
35620
101160
68400
101170
174900
52020
2870
224060
11070
2880
76610
60230
256840
11080
117580
355150
60240
11090
2900
60250
330590
60260
2920
224110
84850
347000
101240
306040
60280
93050
142210
43910
84870
35720
60300
11150
207760
2960
60310
183190
297890
11170
117670
134060
256940
2990
35760
191410
3000
27580
191420
11200
3010
142280
11210
322510
60370
101330
388050
3030
60380
11230
35810
117730
330730
396270
101360
19440
216050
3060
52220
84990
3070
347140
183300
93190
3080
396300
101390
216080
11280
3090
298000
101400
306200
3100
44060
19490
175140
52260
11300
298020
109610
93230
3120
35890
11320
93240
298040
35900
27710
60480
11330
298050
207940
298060
52300
19540
3160
27740
19550
11370
52330
330860
19570
101490
199800
60540
388220
11390
3200
19590
93320
281740
199820
60560
175250
44180
3220
68760
60570
101530
11420
3230
36000
3240
36010
240810
109740
60590
52400
68790
27830
93370
36030
183490
52420
93380
19660
3280
322780
281820
19680
175330
3300
232680
273640
11500
52460
134380
3310
371950
118000
36090
109820
412930
208140
3350
36120
159010
109860
101670
11560
290090
265520
60720
101680
44340
3380
150840
19770
85310
68930
27970
290120
36170
68940
93520
3410
36180
265560
257370
44380
36190
101730
36200
150900
52600
85370
126340
3460
109960
298380
3470
396690
28050
3480
380320
44450
3490
142760
11690
28080
60850
134580
11700
306620
52670
44480
3520
200130
110020
28100
93640
44490
3530
52690
208340
3540
404950
69080
208350
290270
3550
396770
60900
52710
3560
11760
208370
3570
69110
3580
404990
11780
265740
11790
69140
19990
380440
3610
20000
52770
11810
3620
200230
101930
298540
77360
314930
347700
60980
52790
372290
3650
36420
290380
249420
192080
3670
347740
3680
126560
28260
3690
36460
61040
388720
331380
85620
347770
52860
36480
134790
126600
3720
28300
69260
20120
11930
85660
200350
323230
52900
85670
274090
126640
36530
388790
20150
257720
36540
77500
388800
298690
3780
290510
36560
323280
69330
20180
347860
290520
3800
282330
36570
93920
36580
397030
102120
126700
44780
347890
290550
3830
192250
12030
331520
208640
126720
3850
36620
44820
36630
200470
36640
69410
53030
85810
143160
53050
339770
36670
61250
53060
208710
3920
36690
323410
69460
53080
290650
159580
290660
405350
36710
143210
290670
241520
102260
298870
53110
3960
348030
12160
290690
69510
192390
143240
102280
12170
192400
85910
126870
241560
192410
44960
126880
413600
290720
69540
4000
184230
225190
421800
389030
53160
12200
20400
290740
4020
241590
192440
413630
36800
225220
36810
94170
53210
208860
4060
36830
200670
102370
307180
339950
4080
69620
348150
12280
4090
28670
45060
4100
200710
69640
53260
389140
53270
299030
86040
241690
36890
53280
12320
53290
12330
86060
45100
241710
4140
348210
12340
53300
4150
102460
372800
36930
282690
94280
4170
200780
307280
20560
69730
53350
217190
241770
241790
405640
192650
389260
430220
127120
250000
331920
77970
225430
422040
94360
4250
241820
299170
12450
159910
37030
4270
372910
241840
200880
78000
143540
217270
127160
397500
348350
78020
110790
53450
250060
118990
37070
348370
4310
12510
20710
217330
45300
78070
315640
225530
282880
4360
86280
94480
4370
20760
45340
4380
69920
225570
78130
151860
192820
102710
225590
12600
4410
78140
12610
78150
69960
12620
53580
45390
4430
78160
53590
12630
4440
4450
151910
53610
37230
53620
86390
242040
340350
340360
217480
168330
4490
110990
12690
323990
37270
217500
12700
291230
86450
53690
4540
53700
45510
12750
45520
373200
37330
4560
340440
373220
37350
4590
12790
86520
37370
356860
217600
12800
332290
78340
111110
78350
61970
217620
37400
356890
102940
307750
53800
4650
168490
21040
258610
397880
21050
12860
37440
94800
332370
4690
37460
21080
340570
45660
373340
4700
234080
94820
4710
430700
4720
234100
94840
217730
94850
94860
299660
86670
70300
307870
4770
4780
86710
37560
78520
53950
4800
13000
119500
365270
307930
217820
53980
127710
94940
4830
193250
103140
258790
13030
4840
316140
307950
21240
94970
78590
357120
4870
86790
78600
258830
201490
29460
348950
54040
332570
4890
365340
54050
86820
160550
29480
4910
4920
119610
78650
234300
103230
13120
291650
21320
54090
37710
160600
29530
4960
119650
234340
86890
4970
357230
308080
86900
4980
299900
4990
37760
357250
308100
299910
45970
5010
54180
332710
5030
86960
70590
340930
54210
86980
308170
54220
5070
95190
87010
5090
152550
365550
267250
46070
5110
267260
13310
267270
78860
226320
381970
119830
365590
226330
267290
54300
46110
226340
218150
95270
5160
46120
78890
119850
300080
13360
250930
119860
357430
226360
267320
46140
5180
37950
78930
29780
300120
78940
111710
226400
95340
38010
144510
46210
5250
226440
54410
185490
21650
79000
111770
103590
341160
5290
38060
357550
275630
54450
5300
38070
234690
177350
5320
357580
13520
160980
136410
87260
38110
120030
46310
406760
161000
251120
5360
333050
111870
13570
5380
29960
95500
54540
13580
5390
136480
218410
136490
5420
120110
70960
30000
46390
5430
79160
21820
136510
5440
79170
365900
95570
79190
54620
136540
54630
46440
169330
5490
21880
95610
5500
243070
13700
251270
71050
62860
54670
38290
357780
185750
13720
103840
112040
234920
95660
120240
71090
38340
366030
95700
95720
251370
5610
30190
13810
38390
357880
30200
62970
54780
30210
79370
267790
54800
382480
349720
128540
71200
5670
259630
13870
87600
5680
5690
38460
144960
13890
79430
276040
267850
5710
22100
5720
38500
104040
63080
210540
5740
161390
71280
333430
5750
145020
38530
226950
54920
38540
30350
54930
128660
71320
54940
112290
13990
95910
54950
177830
5800
300720
5810
63160
5820
79550
317120
63170
5830
22220
267980
5850
38620
5860
251630
5870
5880
366330
104200
14100
38680
227100
161570
79650
71460
96040
46890
5930
161580
14130
333620
5940
128820
317240
30520
145210
5950
30530
194370
5960
382800
14160
415580
46940
5990
14190
153460
186230
145270
14200
137080
46970
382840
259960
317330
153490
391060
30610
6040
6050
128940
6060
194480
382900
47040
79810
14280
6090
47050
284620
63440
38870
317400
6110
38880
112610
47080
6120
96240
71670
268280
219130
6140
30720
104460
104480
210980
38950
96300
170030
6200
88130
251970
79940
284740
30790
6220
79950
63570
79960
317530
104540
96350
137310
79970
39010
161890
14440
211050
39020
79980
153710
6260
39030
243840
80000
14470
6280
80010
194700
178320
71840
71850
104620
137400
14530
55490
6340
88260
424140
47310
6360
39130
88290
6370
14570
129260
6380
30960
301300
383220
14580
6390
276730
317690
104700
55550
6400
71950
63760
96530
227610
219420
14620
88350
80160
39200
71970
47400
268600
145720
350520
211270
88390
39240
317770
383310
72020
14680
6490
80220
96610
399720
96630
14710
39290
104830
96640
317830
39310
326030
367000
317850
219550
6570
39340
154030
317870
96690
6580
154040
72130
14790
47560
285130
235980
23000
6620
14820
14830
96760
6650
39420
227840
96770
6660
39440
342550
391710
80420
318000
260660
318010
14910
39490
318020
145990
6730
277070
31310
252500
6740
80470
64090
14940
178780
121440
31330
96870
219750
293480
227950
23150
293490
23160
14970
39560
203400
80520
14990
6800
80530
39570
47770
236200
309930
15020
359090
6840
203450
39610
56000
47810
80580
31430
293580
47820
375500
31440
137940
88790
137950
88800
6880
178920
6890
367340
244460
64240
6910
367360
121600
64260
6920
56080
31510
72470
56090
64290
170790
47920
285490
23350
424760
383800
138040
39740
260930
6980
72520
88910
80720
187220
138070
64350
138080
129890
367460
260970
23410
105330
367480
56190
15230
129920
203650
187270
146320
23440
293780
170900
39830
88980
23450
15260
7070
39840
277410
23460
170920
203690
195500
89010
39860
310200
310210
220100
89030
7110
121800
318410
97230
7120
64480
900070
23530
228340
7160
121850
64510
15360
171010
900100
72710
64520
900110
220180
900120
187420
121890
64550
23590
56360
7210
334890
39980
900140
23600
89140
293940
252990
89150
72770
31820
105550
261200
171090
351320
105560
179290
351330
220260
81000
351340
171120
7280
31860
138360
334970
48260
89230
7310
113810
900250
105630
7330
900260
72870
7340
900270
400560
15540
900280
244920
900290
294090
7370
900300
23760
900310
23770
7390
40160
15590
31980
23790
97520
204020
900340
72950
64760
23800
138490
294140
81150
23810
236810
105740
187660
48410
72990
195870
64800
7460
48430
277810
73010
269620
64820
228670
425290
179530
32080
64850
138580
48470
408920
23900
302430
15710
195940
23910
302440
7530
40300
105840
138610
376180
7540
277880
400760
56700
376190
89470
15750
187790
15760
48530
7570
195990
73110
228760
23960
56730
40350
48550
7590
114090
204210
89530
7610
32190
64960
138690
130500
122310
114120
400840
302550
343510
187870
376290
40420
73190
376300
7660
122350
204270
228850
97780
15860
89590
24060
89600
7680
24070
97800
253450
7690
114190
15890
130580
7700
32280
73240
24090
417310
204320
65060
7720
32300
24110
24120
196170
97870
212560
122450
310870
7770
327260
32350
106080
130660
65130
65150
48770
7810
229000
7820
65170
261780
253590
97950
40610
294570
81580
138930
130740
7860
179900
48830
89790
57030
196300
106190
16090
57050
16100
294630
48870
163560
32500
89850
81660
106240
89860
278280
48910
122640
114450
73490
32540
89890
139050
7980
32560
122690
73540
32580
65350
98120
204620
204630
73560
65370
950110
73570
196450
8040
32620
950130
89970
245620
16250
139130
89980
950140
8060
32640
196490
65420
253840
950160
163730
950170
65440
32680
73640
65450
319400
950190
49070
8110
303030
49080
950200
335810
950210
114630
950220
40910
131030
294870
368600
65500
49120
90080
409570
65510
16360
32750
344050
122870
65530
16380
335870
